[
  [
    0,
    23.038453729994607,
    6.197035567511851,
    3.167174335834357,
    19.33635401418262,
    13.663664981977695,
    3.4735749656461583,
    18.225146449855767,
    9.03380808882581,
    3.795094992417669,
    2.7929363345417144,
    10.708939909362995,
    16.962151667254005,
    8.505823396816197,
    18.861712934266905,
    5.297895386094879,
    10.412828710667407,
    11.25466870962634,
    21.188744553766494,
    10.853481458773365,
    3.7119088808103693,
    2.4568879226583467,
    16.448955097759903,
    2.545708763800391,
    5.867673225601358,
    22.30513158116246,
    21.12636255981715,
    1.477163607057778,
    6.450451779199711,
    10.023711597903144,
    23.8534169483608,
    21.990030608500177,
    19.325322343802632,
    11.879217729201375,
    22.65456049671631,
    23.58044325625325,
    16.783500473019842,
    23.05123463508289,
    21.19674919269615,
    5.751794307291809,
    10.664437451614475,
    9.667487352479617,
    12.170341228823624,
    9.037236318065087,
    11.665763759337807,
    10.285294295463165,
    18.400556158410758,
    13.161972264065916,
    12.820620389508244,
    14.198104553364281,
    13.114108186871725,
    8.208099292806912,
    3.7969734119026186,
    4.948703735414981,
    16.936984187931834,
    10.114090285616836,
    3.6663230906687088,
    23.751691286211646,
    4.1673302894874835,
    25.660083957517077,
    11.64318653602366,
    6.872235031245748,
    13.434734450887044,
    17.886590707394937,
    13.09941572717937,
    4.946773100929576,
    17.991970727132088,
    19.620148751106772,
    4.543712971812648,
    11.346813909184702,
    0.2858051284674384,
    24.184633616236475,
    13.262738662022437,
    12.792356644548006,
    17.430140663827515,
    1.737366308911205,
    23.377221185523098,
    12.471137639520311,
    25.405059099426055,
    2.9501859837422892,
    23.777143329334905,
    21.992927217580643,
    19.00940731186227,
    3.4323801943694434,
    9.115881628833897,
    21.90450891668747,
    11.716812996847429,
    11.763666350943176,
    3.3186315330320397,
    10.728396851732203,
    19.111199073082663,
    9.290295394734162,
    15.762811653643537,
    5.519439954748201,
    10.924987000801165,
    10.535146329953452,
    0.6926783021894902,
    12.691386054577084,
    3.1227116082420414,
    14.203096314182194
  ],
  [
    23.038453729994607,
    0,
    26.797965932193566,
    26.1973382639622,
    3.7021172074214466,
    13.922681575636647,
    26.501930355576803,
    9.565262081252246,
    19.731936792807314,
    25.2314695185042,
    23.797288653866463,
    13.385570295674759,
    6.330768577085537,
    17.774515666993743,
    13.778109910084869,
    22.37305774649672,
    21.824295473523282,
    12.770471179695368,
    1.8629401726115922,
    21.168934099851377,
    19.330298012548575,
    23.841824044631327,
    8.284350935692554,
    21.137459578250816,
    26.89024767658396,
    2.4316735535835687,
    1.913865943679686,
    23.95523134672224,
    21.376666448558815,
    25.014328016507903,
    12.696405656877566,
    2.8252288987915364,
    5.249286480727262,
    12.96052706126331,
    5.898911263460647,
    10.719443220172945,
    6.634548716613373,
    4.776092811585933,
    7.59768435751961,
    19.01537756909479,
    28.527918485124633,
    16.672093869115304,
    21.654408585433412,
    15.426514571408033,
    11.387778702028173,
    26.80297806127745,
    7.298397976900144,
    20.36438195786961,
    11.528604749833201,
    11.543766434254447,
    15.53924541962721,
    24.919355214881307,
    26.76531302787597,
    21.481953513769263,
    15.24846648423082,
    13.731999115009828,
    24.837259654517393,
    4.588189622646405,
    20.468125868971764,
    8.880872758680393,
    19.549790966563723,
    21.23641356710414,
    9.638223959029817,
    5.9821345087010105,
    11.858797909638877,
    22.5459424405595,
    5.256642997954008,
    10.671328394306657,
    26.502421329133426,
    11.82950910234604,
    22.76773437684455,
    4.140472653468309,
    18.39983464347,
    25.034636554092575,
    14.76128777796014,
    22.964097280756718,
    12.374873749842171,
    13.980617318751916,
    9.863039148351321,
    22.10841351839874,
    5.1867677416541484,
    6.075728932683109,
    8.245692577580384,
    19.62789893151247,
    14.46818157369994,
    12.022024384079515,
    21.88719615604284,
    12.001514004494554,
    21.65477664532302,
    15.972770233562878,
    6.675433603011392,
    13.788827534595603,
    7.498742029889644,
    19.288010574757603,
    14.171567228536091,
    28.386550617281184,
    23.612361896352017,
    14.572052560296935,
    25.236222361809617,
    14.208364404631348
  ],
  [
    6.197035567511851,
    26.797965932193566,
    0,
    5.0433520238669125,
    23.17776263258568,
    14.776930830259705,
    5.575568109121883,
    20.066543345753782,
    8.405649752863113,
    8.612583693614189,
    3.670562171120658,
    15.986294738957193,
    20.47535524162109,
    9.478804293407466,
    19.30546568349741,
    11.359979327535143,
    8.13163588337552,
    16.44352082622582,
    25.032072547375197,
    8.898617412729608,
    8.633918828080677,
    8.058935049846617,
    19.165096630024134,
    6.3593061744865595,
    0.5584633907082814,
    26.523092823091467,
    24.9430240854051,
    6.879734486492177,
    12.611950475385244,
    5.802659103940447,
    24.654351072715663,
    25.221446602312803,
    23.888995056744896,
    14.183942887673105,
    27.467312949527145,
    24.886831051524222,
    21.162458743645736,
    27.673924472613837,
    23.31129319556669,
    7.782703828732813,
    4.74483038164335,
    15.644744840797985,
    9.831441590385861,
    14.642983781847319,
    15.667243269037144,
    5.058042070763422,
    20.946268043112912,
    11.398113128981976,
    15.493936455027725,
    19.605242677677374,
    13.621279322633352,
    3.992298578651768,
    4.529997083653574,
    5.325097131324623,
    16.995960807242284,
    15.336254105576325,
    8.75462901188212,
    26.548055966678277,
    10.319803504443986,
    27.557428680323497,
    10.45986901162895,
    13.039113092013125,
    17.67041291196055,
    22.381508576889075,
    15.4319450207318,
    4.274475488842353,
    22.178381055696306,
    20.97744743683238,
    2.1392481481110117,
    15.918695817694232,
    6.266842927663925,
    27.101580744236934,
    12.410363121235081,
    8.784836212706793,
    17.62601110474437,
    7.786948869582195,
    24.23999992214082,
    13.937014038746378,
    27.036991660687505,
    5.0274306454662145,
    28.43602229914928,
    24.453591751836814,
    21.15023176139864,
    8.719426400831985,
    14.290009166925417,
    22.82092996307236,
    9.281997721664426,
    16.772158764697377,
    5.365383958517584,
    16.667892606654515,
    23.97231827918553,
    13.846453196614025,
    20.104336490249437,
    11.593769934074984,
    12.988711606361925,
    4.639970196069745,
    6.2725838888914085,
    13.781895508216975,
    3.1797666349055835,
    15.056048461398376
  ],
  [
    3.167174335834357,
    26.1973382639622,
    5.0433520238669125,
    0,
    22.495312282396362,
    16.27242631042982,
    0.609421665825319,
    21.080934245792022,
    10.885078104761513,
    3.6713024918431563,
    3.563332095253463,
    13.796143668525307,
    20.09212110604108,
    10.904864680534835,
    21.349018381358732,
    6.971367462552652,
    11.6619854999995,
    14.356778318772333,
    24.34970896130667,
    12.265661586737256,
    6.867113936214432,
    3.589519199814095,
    19.467214253463215,
    5.302715035259329,
    4.527010461636022,
    25.47142939470727,
    24.286110980037602,
    2.6802279424424174,
    8.388200371221645,
    10.3135040206913,
    26.48767085399713,
    25.105323571234617,
    22.47919565651845,
    14.763118160320468,
    25.77620231865086,
    26.346398535243576,
    19.949008247618867,
    26.194740308181895,
    24.131913318884642,
    8.307997363821956,
    9.78065228049949,
    12.406565204367215,
    13.469097392348315,
    12.039883475044512,
    14.81706387326365,
    9.982627167075675,
    21.40165510018323,
    14.740129401574286,
    15.796813888020218,
    17.219685673505204,
    15.527359408216986,
    8.382904856055479,
    0.7752772813601433,
    6.7210349869069255,
    19.277376032157584,
    13.218717019467931,
    3.8894585016178254,
    26.816501571363837,
    6.827228614117846,
    28.57188028135178,
    13.40584763710797,
    8.817140173883756,
    16.600688509456198,
    21.046648636399244,
    16.00870463268262,
    6.210360573547233,
    21.15911291015144,
    22.370954722745424,
    2.906407798471653,
    14.512535398462608,
    3.432064776057133,
    27.26741387844445,
    15.205802872250354,
    13.294573604963738,
    19.822023570795043,
    3.8441844396495792,
    26.02545807724859,
    15.15486967093837,
    28.257991121268493,
    4.934139885079803,
    26.915927808561737,
    24.997510965420368,
    21.936361829498658,
    6.598957246693716,
    12.238313983154175,
    24.5570565556309,
    12.956085813064213,
    14.893413555469703,
    5.4410494542350225,
    13.486857347509519,
    22.234049066917784,
    12.457442211144539,
    18.929552612667802,
    8.260143344547435,
    13.73178541321736,
    9.679572497008657,
    2.6643320791099723,
    15.27337668963124,
    2.3332624267351836,
    16.745980547424857
  ],
  [
    19.33635401418262,
    3.7021172074214466,
    23.17776263258568,
    22.495312282396362,
    0,
    10.997711733996416,
    22.800206883448013,
    7.644054033594164,
    16.375404477516547,
    21.566705768528532,
    20.122641413232948,
    9.863981302882866,
    2.8731555931560835,
    14.32080831112683,
    12.028281779946576,
    18.792314533156247,
    18.584840843421347,
    9.258444650898305,
    1.864706520746654,
    17.979172327336762,
    15.62824016096449,
    20.162439364867687,
    5.422871871542356,
    17.44759794626501,
    23.2538032089359,
    3.6568818224234345,
    1.7920920272015994,
    20.259060448478817,
    17.853757836079907,
    21.668417029077155,
    12.445205375139635,
    3.5728837209014346,
    3.4097112020937836,
    9.590485162863585,
    6.341385443765293,
    10.676516798784936,
    3.265428688240634,
    5.7484715614261885,
    6.994133281954985,
    15.399168499018204,
    25.090751072194,
    13.29860982459695,
    18.588804187722566,
    11.889390676844876,
    7.688794902530745,
    23.41284481801883,
    5.236916970082155,
    17.437872920537355,
    8.142294702435288,
    8.530660709408401,
    12.591277562492394,
    21.453646033611356,
    23.064696722558896,
    17.876665175308563,
    13.016527969844534,
    10.157889279098127,
    21.17555328263519,
    6.053226346551721,
    16.819423248452377,
    10.011667553419217,
    16.455144232228566,
    17.738397692393438,
    5.949740156467398,
    3.1490293665933153,
    8.59777498234005,
    18.9442006354378,
    1.9110006253741134,
    9.255411887611086,
    22.829331862556916,
    8.159710230061227,
    19.065620270981224,
    6.058656811765821,
    15.511640480891286,
    21.91958733576915,
    12.644507033744006,
    19.275497771525192,
    12.021295612534125,
    10.831492894799695,
    10.656947165093278,
    18.438951279227776,
    6.476913121133182,
    6.082911372590215,
    6.588920006443853,
    15.926786775590461,
    10.840219260476987,
    11.251054013193285,
    18.770093493407852,
    8.46190211073787,
    17.99166142042255,
    12.695649241256943,
    4.960675277784389,
    10.093428386360328,
    3.94563931512251,
    15.672671966929821,
    10.772774240683546,
    24.947031362265765,
    19.911074750328492,
    11.505171405415748,
    21.55135393557455,
    11.405928947738612
  ],
  [
    13.663664981977695,
    13.922681575636647,
    14.776930830259705,
    16.27242631042982,
    10.997711733996416,
    0,
    16.78549536784241,
    5.391910419836057,
    6.5238812813001585,
    17.183964109430324,
    12.915095724192806,
    11.15959733905601,
    8.205947089153335,
    5.4373546657290035,
    5.264988872566425,
    16.250280440441188,
    8.134226551190002,
    11.004498776811609,
    12.542867694660416,
    7.399446711033596,
    10.670563975221505,
    15.62450848306659,
    5.6577273767146785,
    11.134037724747568,
    15.057720430727787,
    14.644988640285453,
    12.411813841305557,
    15.065430207346047,
    16.172880794788554,
    11.50516386536949,
    10.217035650662687,
    11.620380021207634,
    13.382269257775677,
    2.978948270164008,
    17.02772889902834,
    10.167777958098643,
    10.859767034184904,
    16.657937843628027,
    8.675240380528267,
    7.975986597491144,
    15.233575334342436,
    14.1993666384262,
    7.747070681787832,
    11.984547851239311,
    7.1753802246909855,
    13.384441583541177,
    6.858104757437582,
    6.458776996375799,
    3.7467354896799625,
    13.390430125615817,
    1.6165696028432706,
    11.875163852071532,
    16.54330697891118,
    9.822642738574256,
    3.8591622247209463,
    10.762760170424091,
    16.91755380361155,
    12.314203027103298,
    13.678930389817078,
    12.792774161611232,
    5.679534067023036,
    16.333584959111118,
    8.461971019884542,
    12.04936285762456,
    2.9135752402228694,
    10.703907387843211,
    11.057359225593673,
    6.215725408892324,
    15.298369820170297,
    8.84855182944428,
    13.387989488658409,
    12.965137074897356,
    4.515696829846732,
    11.142065001894483,
    4.11030542549067,
    14.588110025095332,
    9.753053662448076,
    1.3114662431073363,
    12.263058670557212,
    11.351715024651664,
    17.415258640788327,
    10.012735340314514,
    6.622308671706446,
    11.238289939223407,
    10.36641833169849,
    8.284918328953765,
    8.014069651627688,
    10.502240745497637,
    10.839852823676914,
    14.44861021701479,
    14.349789348718891,
    8.520250582821413,
    10.06406139804281,
    13.40851656987556,
    3.1104007750013785,
    15.104861939506526,
    14.356278192443003,
    1.0102289801999664,
    14.449264601739909,
    0.7426508856242829
  ],
  [
    3.4735749656461583,
    26.501930355576803,
    5.575568109121883,
    0.609421665825319,
    22.800206883448013,
    16.78549536784241,
    0,
    21.54604088885865,
    11.468232708142708,
    3.2999001748842707,
    4.152845267343825,
    13.957969477477956,
    20.435632032568265,
    11.43922549285679,
    21.884317017402243,
    6.780182687295144,
    12.269133333661216,
    14.52889487675439,
    24.64973792005528,
    12.86971507993921,
    7.184003442663278,
    3.4655882168413945,
    19.877760311853407,
    5.749744442229683,
    5.047209553121573,
    25.727848498422347,
    24.58902570522449,
    2.726041844638,
    8.224522864929408,
    10.911537214534206,
    27.00248043034838,
    25.461788224359058,
    22.70131918339958,
    15.216333692549815,
    25.95495830975405,
    26.835311958835945,
    20.202813940398148,
    26.398946512844727,
    24.57489882889735,
    8.812124698565079,
    10.297226144257635,
    12.413989918760684,
    14.07630169174197,
    12.155800745041985,
    15.136499080481345,
    10.550178287079223,
    21.819953477242816,
    15.340904803206229,
    16.22199917123006,
    17.33318625388374,
    16.067700541823356,
    8.981054171187099,
    1.0963402270502822,
    7.294473261461604,
    19.829636673269626,
    13.395126689902051,
    3.564758423704599,
    27.206188933802707,
    6.862625480553439,
    29.023454538129254,
    13.997633737808238,
    8.64900694713394,
    16.885668491807046,
    21.2822746115862,
    16.45576812557302,
    6.807011313694483,
    21.43101465416197,
    22.861591147761388,
    3.4370683317560378,
    14.770801288803135,
    3.7516423264502627,
    27.646734061534715,
    15.789002550513136,
    13.895866302252678,
    20.368682638519708,
    3.881825968651373,
    26.537634480682527,
    15.653582944251601,
    28.726367729472642,
    5.4718228937868725,
    27.113562671438622,
    25.41533656738972,
    22.38124363059284,
    6.876138032390046,
    12.432310255459896,
    25.067893589715776,
    13.563993807001653,
    15.089825100573167,
    5.9735474669006,
    13.496263635555271,
    22.41609500156425,
    12.733850080039334,
    19.19180407161577,
    8.298671363343683,
    14.203267421149043,
    10.199743112074291,
    2.8933583277494734,
    15.789705454761101,
    2.9421321234716964,
    17.26988717862481
  ],
  [
    18.225146449855767,
    9.565262081252246,
    20.066543345753782,
    21.080934245792022,
    7.644054033594164,
    5.391910419836057,
    21.54604088885865,
    0,
    11.90951527906982,
    21.438387353195893,
    17.911949574881117,
    12.587594385944357,
    5.679788225900377,
    10.604050365451776,
    4.38570696764708,
    19.797981347100762,
    13.459158285515718,
    12.18754121020501,
    8.644086549798576,
    12.691930485025152,
    14.817107970559883,
    19.87837439226972,
    3.1095246847047724,
    15.797452567145086,
    20.31560618166943,
    10.932300645827878,
    8.497879600474315,
    19.520890401337287,
    19.377747696362285,
    16.860151706658755,
    6.349719121659722,
    6.895119354107817,
    10.829682394544024,
    6.346366123313093,
    13.9768536323412,
    5.485296530960575,
    9.086064946251817,
    13.291525381060547,
    3.2833324868154654,
    12.83447216870242,
    20.609959429705565,
    16.172823744618295,
    12.85145446550493,
    14.093515734391302,
    8.47750945480076,
    18.748816553199475,
    2.4149757019561893,
    11.338378577814453,
    5.593181904191339,
    13.435518043915408,
    6.849915997065095,
    17.26630121146003,
    21.440813161073596,
    14.95086123481044,
    5.692333556574028,
    12.457568386208616,
    21.12056774075181,
    7.067350373235959,
    17.32160157609811,
    7.5308410959109215,
    10.908735557274913,
    19.435625889104585,
    8.499026825719838,
    9.917338058168493,
    5.148967345832332,
    15.900065011382258,
    8.585058223409172,
    1.9742397572140484,
    20.424691011486217,
    10.074343287780733,
    17.94031267811611,
    7.761825016452728,
    9.385037537665589,
    16.235824474361817,
    5.19644311488163,
    18.852987009909818,
    5.840494606571407,
    6.131581625125773,
    7.1818633003696375,
    16.266474700664634,
    13.969802745364493,
    4.688705256254298,
    1.375017317737117,
    15.322037160383061,
    12.513814896891729,
    4.538716406186577,
    13.191835371452303,
    11.442268602018927,
    15.75451134050556,
    16.06057859136031,
    12.200643141066706,
    10.856795797625315,
    8.764140367246299,
    16.68043155942698,
    7.351842371370943,
    20.482999386901508,
    18.904979457409155,
    6.336144828512666,
    19.455596831692024,
    5.343364920401581
  ],
  [
    9.03380808882581,
    19.731936792807314,
    8.405649752863113,
    10.885078104761513,
    16.375404477516547,
    6.5238812813001585,
    11.468232708142708,
    11.90951527906982,
    0,
    12.828598186859848,
    7.32347247787332,
    12.319702528298713,
    13.510936677920618,
    2.3070495440770924,
    10.908028054923651,
    13.263287233841215,
    2.5293907809628515,
    12.501149534379868,
    18.130123025204433,
    2.367236006729468,
    7.559915289004167,
    11.41396648628929,
    11.578241545571885,
    6.660472913472656,
    8.749132654070912,
    19.97703848683489,
    18.017157651715667,
    10.506992177041163,
    13.771324771430807,
    5.293416996610456,
    16.249475960933083,
    17.739836906293423,
    17.959048423124152,
    6.789426844987113,
    21.705057314298028,
    16.511751691104234,
    15.185569749871082,
    21.612385209817,
    15.191348697633485,
    3.936922862143512,
    8.842888965407338,
    13.967514561443933,
    3.668340531273214,
    12.0377017345646,
    9.923579867179273,
    7.074271560559235,
    13.138655505398054,
    4.194581657526374,
    8.236044704139,
    15.631190427717549,
    5.239055650664188,
    5.365783998822151,
    10.956891042218432,
    4.193177627989911,
    8.635233633714819,
    11.69911932523961,
    12.681132036160246,
    18.715189558669206,
    10.902523913856209,
    19.293866078749268,
    2.610451078006045,
    14.0778508626677,
    11.902606490993074,
    16.464492071312613,
    7.878577571401202,
    4.73015107287592,
    15.856344930683779,
    12.643451041560118,
    9.270718830657026,
    10.974716089737088,
    8.813584706830138,
    19.332349183975037,
    4.320846253950841,
    6.097135248599391,
    9.247232947233334,
    10.473455841971688,
    15.834358561546761,
    5.923586900388498,
    18.708135361354582,
    6.156590489295309,
    22.392017472210142,
    16.47723553034863,
    13.09984993401163,
    8.110739376149196,
    10.822770512801439,
    14.417409475933209,
    3.428212647249757,
    12.415653637940109,
    5.727594407169629,
    14.658241894328395,
    18.5023157687048,
    9.40543163198736,
    14.179393154104584,
    11.339503990840337,
    5.604169037484982,
    8.706424359517566,
    9.674897100592316,
    5.577857041602917,
    8.730505448457786,
    6.710695768834978
  ],
  [
    3.795094992417669,
    25.2314695185042,
    8.612583693614189,
    3.6713024918431563,
    21.566705768528532,
    17.183964109430324,
    3.2999001748842707,
    21.438387353195893,
    12.828598186859848,
    0,
    6.120228752444985,
    12.10736368355241,
    19.468748005096387,
    12.204049378306404,
    22.43068256584997,
    3.7694619001327903,
    14.150155973328777,
    12.71474954715123,
    23.368732502331152,
    14.621836615051635,
    6.625126687526066,
    1.5661018030674387,
    19.372980414916018,
    6.257880254222035,
    8.126824665535416,
    24.192196128110663,
    23.32549127286974,
    2.3286511611084952,
    5.243934266565435,
    13.423728848369961,
    27.286435633152582,
    24.519725618196595,
    21.011873871599036,
    15.130700553205742,
    24.023498152107305,
    26.876907711679163,
    18.710868924760558,
    24.58782358062762,
    24.254222530298886,
    9.431626434213493,
    13.353271667105389,
    9.917252955875412,
    15.925344702505432,
    10.137222609735506,
    14.1233589111597,
    13.367087043057305,
    21.34397914545728,
    16.952916225457315,
    15.895338378184201,
    15.188934592165731,
    16.760816794696858,
    11.524463493214036,
    4.374360298651279,
    8.726625299500839,
    20.59558302542847,
    11.63332170680731,
    0.4143518599986513,
    26.47061478756977,
    4.7910639786774185,
    28.732295110083,
    15.438194245314374,
    5.643299776008342,
    15.625110746896713,
    19.678836358750672,
    16.291011733576422,
    8.615850552478358,
    20.02351902244423,
    22.95769999768525,
    6.512230583512645,
    13.407195103071237,
    4.018592832133557,
    26.83687107407844,
    17.044208850182258,
    16.31224752280649,
    21.061331252079157,
    2.6024281582721502,
    26.799463055376425,
    15.942726363057938,
    28.575012791662235,
    6.721811655948927,
    25.265249823509752,
    24.895873834831065,
    22.099997434548456,
    6.117832764765394,
    10.792870213907547,
    25.329688936786077,
    15.458761740112847,
    13.385159401392727,
    7.111168900964687,
    10.984088421286051,
    20.52931017645171,
    11.539069902400037,
    17.76099908466752,
    6.107998597180041,
    14.294753987216694,
    13.244114094548555,
    3.1744511219104723,
    16.2413826463845,
    5.555019150182789,
    17.765881489775946
  ],
  [
    2.7929363345417144,
    23.797288653866463,
    3.670562171120658,
    3.563332095253463,
    20.122641413232948,
    12.915095724192806,
    4.152845267343825,
    17.911949574881117,
    7.32347247787332,
    6.120228752444985,
    0,
    12.400713600353686,
    17.537062748383903,
    7.488848664596518,
    17.896009849522446,
    8.090312594840414,
    8.18906169636636,
    12.8814270098759,
    21.987141205044423,
    8.752087621113327,
    5.0210181765749216,
    5.0870419003016325,
    16.570094454545842,
    2.793778457604541,
    3.481809611731671,
    23.333732867145255,
    21.908713419728162,
    3.9184072710670934,
    9.21130014309148,
    7.331356088983493,
    23.099924247360306,
    22.44332713490663,
    20.55827533002137,
    11.695511419064395,
    24.061916826129647,
    23.059412600562187,
    17.88431952412966,
    24.33593369240865,
    21.051839847561553,
    5.088930123853369,
    7.905638635398212,
    11.978358619194486,
    9.992506550626823,
    10.991733858261972,
    12.476129992115375,
    7.496017188728938,
    18.452502321599027,
    11.20268600135497,
    12.860806778642264,
    16.004772896388175,
    12.067691993203383,
    5.466890259350879,
    3.6707189177859734,
    3.183849356781434,
    15.774058010039484,
    11.759464342143795,
    6.11523492357539,
    23.9796028890333,
    6.7349639909781995,
    25.439341554123867,
    9.844791987512137,
    9.62728051436904,
    14.416823472552194,
    19.068236858493204,
    12.958897291335624,
    2.663205528369826,
    18.979122044693685,
    19.086065480481256,
    2.707200762652874,
    12.530406821241844,
    2.7769630518084996,
    24.479530957056436,
    11.643703134836484,
    10.193057647167679,
    16.334590768254383,
    4.520293471209476,
    22.64804733381665,
    11.865319616808131,
    25.05298658777019,
    1.7022297247490594,
    25.087263398264685,
    22.03226900592755,
    18.856806584336624,
    5.063379440532836,
    10.716815790348978,
    21.18688165144411,
    9.495141128727237,
    13.259397619181701,
    2.1914785538117707,
    12.998259093124727,
    20.539777669357306,
    10.436963964952055,
    16.832774303079145,
    7.957771301891218,
    10.584061951409094,
    7.772971674061082,
    3.1200793335735155,
    11.906961599546115,
    1.5438073984339888,
    13.343516481694767
  ],
  [
    10.708939909362995,
    13.385570295674759,
    15.986294738957193,
    13.796143668525307,
    9.863981302882866,
    11.15959733905601,
    13.957969477477956,
    12.587594385944357,
    12.319702528298713,
    12.10736368355241,
    12.400713600353686,
    0,
    8.43542741200392,
    10.071951170704114,
    15.602432024973913,
    9.005403171376893,
    14.838756111988493,
    0.6180853172763336,
    11.547065102559596,
    14.632597799415338,
    7.3802936413185005,
    10.866389589422779,
    9.637967161637347,
    9.632478520635148,
    15.869446371988753,
    12.130957853401314,
    11.527160954739156,
    11.249678744210588,
    7.996238087689166,
    16.821497415666478,
    18.9311718825065,
    13.19610188437449,
    8.907747900781514,
    8.182776964517183,
    12.002477068264174,
    17.8236415889852,
    6.754575019984613,
    12.499068300503207,
    14.411661253226793,
    9.21747381984626,
    19.311818495328843,
    3.664435320692272,
    15.800200502147534,
    2.0425951782290106,
    4.211778382463286,
    18.094409806951603,
    11.391150657596624,
    15.553317848463754,
    7.724127179341477,
    3.6261150708357732,
    11.975134988793444,
    15.795415141213436,
    14.483792427576608,
    11.383516963162267,
    14.935422602797523,
    0.6631557738521794,
    11.698474700192282,
    15.467080077673211,
    7.327796745804658,
    18.633184240919398,
    13.951451352955548,
    7.874424121094673,
    4.381639273883865,
    7.612027697385646,
    8.551004099538849,
    12.347606370613104,
    8.129904649658782,
    14.523155301963774,
    14.956506096396158,
    2.5227543459626762,
    10.484204830982458,
    15.669034890735082,
    14.250300583098854,
    18.375116812936152,
    15.02864854573864,
    10.135905850446164,
    18.423239764703904,
    10.002499462956637,
    18.84821903074156,
    10.968160700567374,
    13.193013133921662,
    14.47758128358901,
    12.615530048286173,
    7.407488839681466,
    1.7028261033624883,
    17.11438886525637,
    15.679725025514491,
    1.4057699948666544,
    10.683609222402422,
    3.4784386541449006,
    8.471080147144388,
    2.957944610739271,
    5.921027987507746,
    6.016057403768537,
    8.438695052678266,
    19.16257536894042,
    11.133692844784441,
    10.77229768546329,
    13.527908612116427,
    11.899165290428195
  ],
  [
    16.962151667254005,
    6.330768577085537,
    20.47535524162109,
    20.09212110604108,
    2.8731555931560835,
    8.205947089153335,
    20.435632032568265,
    5.679788225900377,
    13.510936677920618,
    19.468748005096387,
    17.537062748383903,
    8.43542741200392,
    0,
    11.482355106037087,
    9.912448862877142,
    16.9916206335417,
    15.711685253365111,
    7.889213223724546,
    4.631551567802553,
    15.107646839418187,
    13.255880429421875,
    18.00354629390051,
    2.861352790913864,
    14.93073719446316,
    20.576899819328478,
    6.5181099173790065,
    4.525610946156733,
    17.9856869368913,
    16.211025308496353,
    18.80435248712269,
    11.43083806330152,
    5.054269943967417,
    5.351665639749367,
    6.72264065229474,
    8.862783976035212,
    9.948138736126579,
    3.414919880479968,
    8.452047786810203,
    6.280292749078887,
    12.694754482919336,
    22.251378999417245,
    12.07418074696492,
    15.731690102467432,
    10.336330651214356,
    5.350901230115647,
    20.558572847957052,
    3.5609196875728344,
    14.614261422568102,
    5.275045345447477,
    8.207829800813053,
    9.779656311579595,
    18.624481876705307,
    20.622334573384876,
    15.155613327088611,
    10.553803791224146,
    8.562975210064865,
    19.092698690670602,
    7.103781949355907,
    14.823569585882236,
    10.252063869228492,
    13.595598250078137,
    16.154955717871793,
    4.08234437243495,
    4.268744024563132,
    5.7273160377915895,
    16.218281390853278,
    3.012065303957956,
    7.555559132452016,
    20.235312042625587,
    6.269660176885591,
    16.684297494365595,
    7.396811095748054,
    12.705674419758871,
    19.053068696246168,
    10.261971901257585,
    17.067120589993426,
    10.953552052718171,
    7.972841511736252,
    10.581484621708888,
    15.840083031108152,
    9.20984117326369,
    6.077390677143929,
    5.013885196357503,
    13.610273539006313,
    9.035681239554808,
    9.909657217312736,
    15.90510217774589,
    7.065584795433283,
    15.375867979164763,
    11.675184546166122,
    6.592088064146125,
    7.93709424023614,
    3.253449565555475,
    13.80839129700591,
    7.9123058080611495,
    22.108473276990896,
    17.56903337719831,
    8.663180916747699,
    19.001287006129132,
    8.661729007105174
  ],
  [
    8.505823396816197,
    17.774515666993743,
    9.478804293407466,
    10.904864680534835,
    14.32080831112683,
    5.4373546657290035,
    11.43922549285679,
    10.604050365451776,
    2.3070495440770924,
    12.204049378306404,
    7.488848664596518,
    10.071951170704114,
    11.482355106037087,
    0,
    10.445203301327824,
    12.00850601137458,
    4.829691324629269,
    10.229034490580837,
    16.113885761710268,
    4.561983435109757,
    6.174643740727744,
    10.6887899122822,
    9.797500410629015,
    5.966289719971732,
    9.713532252938794,
    17.878791420017638,
    16.00739663715945,
    9.96314437622879,
    12.310333798222523,
    7.436428851661479,
    15.611822595175031,
    15.938480306428337,
    15.7425948617857,
    4.842056512894469,
    19.482312569426625,
    15.60198325467078,
    12.960114909548171,
    19.430404802267773,
    13.83550329096005,
    2.772666800989888,
    10.770412646338706,
    11.938579115131647,
    5.74664565310331,
    9.92330872442764,
    7.634511650788497,
    9.11056249552367,
    11.506385946051848,
    5.780009393695405,
    6.250421891387665,
    13.337265812341867,
    4.6340030293084755,
    7.145183317549073,
    11.136381331484024,
    4.387393513042752,
    8.436638640517224,
    9.46393238125335,
    11.990258885723811,
    17.11575995799127,
    9.510724799700789,
    18.119825615067377,
    4.0885077195751345,
    12.573341641279626,
    9.630738876928568,
    14.238685751130085,
    6.041061217072276,
    5.299764780570889,
    13.689795599539964,
    11.639315113923157,
    9.868710757361749,
    8.668326029867723,
    8.246171881978029,
    17.69273201912279,
    5.10975441679945,
    8.400969545256775,
    8.947711609748866,
    9.678447413900626,
    15.15920773813821,
    4.474457951561118,
    17.65754487752885,
    5.970782831453064,
    20.210143477816295,
    14.982748970623572,
    11.671448057078477,
    6.76052695776941,
    8.625479681849662,
    13.698327712749958,
    5.607848185838535,
    10.12047656893663,
    5.46591120574298,
    12.562309036908042,
    16.238212799491595,
    7.136362569500635,
    11.940697864407928,
    9.71184913636884,
    3.622023821467359,
    10.627043873760663,
    9.191708203238806,
    4.42723348364628,
    9.017572916138684,
    5.855679822446214
  ],
  [
    18.861712934266905,
    13.778109910084869,
    19.30546568349741,
    21.349018381358732,
    12.028281779946576,
    5.264988872566425,
    21.884317017402243,
    4.38570696764708,
    10.908028054923651,
    22.43068256584997,
    17.896009849522446,
    15.602432024973913,
    9.912448862877142,
    10.445203301327824,
    0,
    21.484840190301842,
    11.679311149996229,
    15.318447290801375,
    12.99195238041049,
    10.852178124538154,
    15.935494921772742,
    20.87478911577881,
    7.111640945815011,
    16.31958440786102,
    19.65702533885999,
    15.286170728120755,
    12.845079592362247,
    20.283396095556324,
    21.34651513908835,
    15.05255283361881,
    5.370767963856511,
    11.006662214967172,
    15.172264931283038,
    7.84609644845851,
    18.3625598577691,
    6.017639814556402,
    13.252383038375289,
    17.668228811992858,
    6.519974934134214,
    13.125693209987118,
    18.838004495034347,
    18.950130186407755,
    10.563296690420776,
    16.757432569237878,
    11.3972223972572,
    16.935272238366466,
    6.799777535089993,
    8.846530196173182,
    7.899992444999315,
    17.11082374970413,
    5.8283882402066105,
    15.917153809867976,
    21.56119433539886,
    14.730197021703203,
    2.422611986756638,
    15.324997830752961,
    22.17075801454551,
    10.574914916924577,
    18.917367207417872,
    9.307664330468498,
    9.062413665833159,
    21.48479577800539,
    12.018533937480502,
    14.181123258305716,
    7.114051315343485,
    15.500746623045567,
    12.888498583660475,
    3.1795624857505334,
    20.111985723499618,
    13.11347954001929,
    18.590307253466822,
    11.317628218746835,
    7.16437473815244,
    13.726354774580432,
    1.739970201315823,
    19.839595758670487,
    4.990209790397384,
    6.550880864463566,
    8.41566035193706,
    16.415445501131956,
    18.338104839809304,
    8.1963087712305,
    5.572649553509472,
    16.503148900555306,
    15.121946313687637,
    3.675486862693622,
    11.022480431824711,
    14.671947736822421,
    15.911114370364999,
    19.042434613199383,
    16.496684540129976,
    13.304475887883697,
    12.788416202468692,
    18.580151619650596,
    8.314822161694835,
    18.72984303604247,
    19.553906730246442,
    6.189309333964001,
    19.402173372055476,
    4.665514332802221
  ],
  [
    5.297895386094879,
    22.37305774649672,
    11.359979327535143,
    6.971367462552652,
    18.792314533156247,
    16.250280440441188,
    6.780182687295144,
    19.797981347100762,
    13.263287233841215,
    3.7694619001327903,
    8.090312594840414,
    9.005403171376893,
    16.9916206335417,
    12.00850601137458,
    21.484840190301842,
    0,
    15.110517780904956,
    9.623428051540355,
    20.524168666586377,
    15.4004106040306,
    5.834047745656574,
    3.4010577727510793,
    17.369344451393346,
    6.8012377992774935,
    10.962499879030377,
    21.118961612223092,
    20.497130572278643,
    4.510730056300301,
    1.4753807471071618,
    15.210817655957943,
    25.946867133506252,
    21.97050265523699,
    17.848524124516693,
    13.756469386752123,
    20.64766405015441,
    25.282542786321756,
    15.753316638854429,
    21.294861765010207,
    22.32617869081753,
    9.396063112555268,
    15.940634623003856,
    6.3199595112107145,
    16.756229432761952,
    6.964757536619368,
    11.787867487309382,
    15.575218606706695,
    19.317679783004863,
    17.448417870900062,
    14.21440600265067,
    11.750492955037556,
    16.182747090907537,
    13.453477570300223,
    7.741989433499584,
    9.686101353684126,
    19.952934847289594,
    8.642467238243166,
    3.3831146642550856,
    24.0910567547666,
    2.572671197506741,
    26.76322715027021,
    15.800278466915897,
    1.8837497894426025,
    12.969482597472908,
    16.606228924934825,
    14.769313486705084,
    9.988539634811158,
    17.117500991028887,
    21.499522309122874,
    9.454861298975233,
    10.738092184102115,
    5.329283695443327,
    24.38122272381279,
    17.108016290476847,
    17.853581603794,
    20.320210443537363,
    3.5936286736562475,
    25.444043092415242,
    14.94554737642099,
    26.75176839579493,
    7.883772309285609,
    21.940220804832723,
    22.75344286785407,
    20.258730394755915,
    5.248079682829685,
    7.982348050064745,
    24.001335910502316,
    16.36774244500302,
    10.37386466804874,
    8.06862466603361,
    7.354959548428125,
    17.215985416745713,
    9.16654075091155,
    14.879605081710757,
    3.1929750004670248,
    13.1700268580556,
    15.814122601639449,
    5.094222319489484,
    15.413045870642948,
    8.183705585144784,
    16.917438543055198
  ],
  [
    10.412828710667407,
    21.824295473523282,
    8.13163588337552,
    11.6619854999995,
    18.584840843421347,
    8.134226551190002,
    12.269133333661216,
    13.459158285515718,
    2.5293907809628515,
    14.150155973328777,
    8.18906169636636,
    14.838756111988493,
    15.711685253365111,
    4.829691324629269,
    11.679311149996229,
    15.110517780904956,
    0,
    15.027732989527967,
    20.291432362835423,
    0.8284296074860136,
    9.643006620295893,
    12.86573875641542,
    13.570109122323768,
    8.323497333428168,
    8.589519457055866,
    22.219064478316213,
    20.1722406160587,
    11.832741569462058,
    15.772241299535862,
    3.4230005082888564,
    17.036428880306666,
    19.68344000967987,
    20.339020875668385,
    9.01994355401416,
    24.08691223518156,
    17.573564080505406,
    17.58172695805798,
    23.94531235994772,
    16.72223444375224,
    6.137532893564286,
    7.213789756012314,
    16.36696381855829,
    1.8071970566020892,
    14.493617547662774,
    12.406354777959274,
    5.3221871957630205,
    14.968354976549747,
    3.266692330760733,
    10.461784485649277,
    18.160524219579866,
    6.6096248439348715,
    4.3372092231530965,
    11.56637297755962,
    5.492344271273342,
    9.271651597963318,
    14.213855260232688,
    14.066048311642488,
    20.446467148277723,
    12.898093027655952,
    20.585387462079325,
    2.6325720308827503,
    16.108311467584972,
    14.36014544716219,
    18.858315209007426,
    9.997085802649938,
    5.556284837509167,
    18.185463488533983,
    13.886287250851982,
    9.516802295907222,
    13.49676484712716,
    10.23762460600045,
    21.099363227180945,
    4.523736879459411,
    3.5718866622416137,
    9.943556016045381,
    12.01580962674377,
    16.66878230055272,
    7.849238214776281,
    19.880118549611108,
    7.465271422653318,
    24.723528970585868,
    18.126666214539764,
    14.738073705778277,
    10.151726922812175,
    13.322717276540459,
    15.32950572400726,
    1.3099054140032518,
    14.944833113506238,
    7.148832007866198,
    17.0965787271934,
    20.940700659967764,
    11.932103891857576,
    16.593040874950074,
    13.494513641424872,
    7.894595077241123,
    7.096430407167783,
    10.983304743522453,
    7.321924287242651,
    9.355790466111477,
    8.116901219958432
  ],
  [
    11.25466870962634,
    12.770471179695368,
    16.44352082622582,
    14.356778318772333,
    9.258444650898305,
    11.004498776811609,
    14.52889487675439,
    12.18754121020501,
